2
1
6
48
28
15
150
205
1
10
365
8
1
51
8
2
14
7
6
1
28
462
1
4
42
4
1
1
5
38
10
41
4
2
1
29
2
1
34
53
1
2
7
10
15
9
1
119
2
2
2
2
2
1
3
1
4
25
3
27
405
1
8
44
5
8
14
11
5
1
120
1
21
1
1
1
1
1
1
1
2
1
2
1
1
38
3
33
4
1
15
67
12
574
1
5
1
2
33
2
1
156
4
1
1
2
2
1
1
9
2
19
1
13
46
40
1
7
4
3
1
1
1
28
50
1
1
1
89
2
1
2
1
1
31
2
8
2
16
2
25
1
33
39
8
2
88
30
2
5
1
63
54
59
2
2
107
21
1
1
35
2
2
1
1
2
2
2
16
1
1
20
3
375
25
37
10
8
59
2
2
7
1
23
36
1
1
2
24
1
1
1
4
108
1
23
1
87
7
18
60
5
12
38
63
147
1
198
2
16
6
1
1
1
153
1
20
11
21
1
1
2
4
1
1
3
11
5
1
5
4
5
3
12
7
15
3
25
10
2
13
195
13
56
20
2
1
2
1
48
137
2
1
1
2
1
6
55
6
350
1
12
5
1
1
11
52
2
5
9
1
5
1
7
3
1
11
2
1
1
1
1
1
1
2
21
1
1
7
1
12
5
1
24
42
16
1
1
1
1
1
1
38
9
6
67
2
1
56
5
1
4
12
90
6
142
1
2
8
1
16
6
1
82
2
1
2
1
11
65
106
7
49
6
2
1
1
1
1
17
16
1
1
1
2
2
1
1
2
1
1
1
2
2
6
10
1
1
44
25
1
1
1
5
12
1
1
1
1
1
1
23
4
1
457
72
4
2
2
2
8
32
101
1
18
4
133
34
9
3
4
7
1
110
11
1
7
1
1
2
2
2
12
1
2
11
2
2
9
3
1
1
1
1
1
1
4
1
5
44
4
1
5
5
8
1
1
2
1
1
3
4
4
1
1
6
6
7
36
5
2
10
19
18
2
4
3
4
7
11
5
1
1
2
26
3
1
5
1
1
2
8
1
49
1
1
120
6
163
7
2
1
1
1
1
2
2
2
1
2
1
5
21
1
6
8
1
11
8
2
1
2
1
7
7
17
101
300
7
1
5
6
5
58
1
4
3
1
18
32
7
76
28
1
4
12
8
1
1
2
2
3
1
6
1
2
36
9
1
1
2
29
6
46
31
11
100
44
30
2
10
8
1
2
4
8
2
1
1
16
1
16
4
1
1
1
1
1
3
1
3
26
1
6
1
4
2
25
24
5
9
1
1
1
44
1
585
2
1
2
2
1
14
22
4
8
4
9
2
1
19
40
51
4
54
1
1
5
2
1
1
1
2
2
1
6
3
10
3
3
4
2
1
2
1
5
14
19
15
1
2
2
1
8
4
1
40
1
1
1
4
8
2
292
1
19
92
29
1
1
1
2
5
16
1
1
1
1
2
2
3
9
19
29
17
5
1
1
2
1
1
41
74
22
1
3
17
1
190
187
15
2
1
2
1
1
1
2
3
3
3
3
11
13
18
31
2
1
1
1
108
2
15
9
1
1
8
1
1
25
2
